8
0,42,62,66,83,54,66,93
42,0,35,80,47,38,73,92
62,35,0,62,26,13,52,63
66,80,62,0,86,50,11,34
83,47,26,86,0,39,75,80
54,38,13,50,39,0,40,55
66,73,52,11,75,40,0,29
93,92,63,34,80,55,29,0
