8
0,98,72,97,105,76,63,90
98,0,30,99,32,55,77,51
72,30,0,75,35,56,48,33
97,99,75,0,75,128,36,49
105,32,35,75,0,83,64,27
76,55,56,128,83,0,95,89
63,77,48,36,64,95,0,38
90,51,33,49,27,89,38,0
