8
0,69,31,84,30,75,81,63
69,0,86,104,85,26,73,67
31,86,0,58,1,82,68,50
84,104,58,0,58,85,39,37
30,85,1,58,0,81,67,49
75,26,82,85,81,0,50,49
81,73,68,39,67,50,0,19
63,67,50,37,49,49,19,0
