8
0,59,118,78,66,19,87,36
59,0,61,58,22,43,44,44
118,61,0,99,67,103,44,93
78,58,99,0,38,61,100,90
66,22,67,38,0,47,63,62
19,43,103,61,47,0,78,37
87,44,44,100,63,78,0,55
36,44,93,90,62,37,55,0
