6
0,11,55,48,6,58
11,0,55,39,14,49
55,55,0,49,50,51
48,39,49,0,48,10
6,14,50,48,0,57
58,49,51,10,57,0
