6
0,62,36,48,25,20
62,0,98,21,83,81
36,98,0,84,18,17
48,21,84,0,71,68
25,83,18,71,0,7
20,81,17,68,7,0
