10
0,48,41,15,67,39,44,37,50,54
48,0,84,60,19,32,82,19,41,33
41,84,0,26,102,80,10,68,90,76
15,60,26,0,79,54,29,47,64,60
67,19,102,79,0,47,99,34,53,39
39,32,80,54,47,0,82,40,12,61
44,82,10,29,99,82,0,65,93,70
37,19,68,47,34,40,65,0,52,21
50,41,90,64,53,12,93,52,0,72
54,33,76,60,39,61,70,21,72,0
