10
0,31,13,40,51,65,80,77,53,64
31,0,32,40,26,35,51,53,37,45
13,32,0,27,46,66,75,83,61,72
40,40,27,0,36,68,62,91,77,85
51,26,46,36,0,36,29,62,57,62
65,35,66,68,36,0,37,27,35,33
80,51,75,62,29,37,0,63,71,71
77,53,83,91,62,27,63,0,29,19
53,37,61,77,57,35,71,29,0,11
64,45,72,85,62,33,71,19,11,0
