10
0,60,105,45,43,67,79,33,55,59
60,0,60,50,31,76,20,28,77,38
105,60,0,66,62,71,47,81,84,46
45,50,66,0,18,28,60,41,27,21
43,31,62,18,0,46,44,26,45,17
67,76,71,28,46,0,82,70,17,40
79,20,47,60,44,82,0,48,87,42
33,28,81,41,26,70,48,0,64,42
55,77,84,27,45,17,87,64,0,46
59,38,46,21,17,40,42,42,46,0
