10
0,55,32,55,57,15,29,42,23,43
55,0,46,84,103,40,41,96,33,42
32,46,0,38,59,28,6,61,21,12
55,84,38,0,34,59,44,53,57,44
57,103,59,34,0,69,63,30,72,69
15,40,28,59,69,0,22,57,10,36
29,41,6,44,63,22,0,62,15,14
42,96,61,53,30,57,62,0,64,73
23,33,21,57,72,10,15,64,0,27
43,42,12,44,69,36,14,73,27,0
