10
0,56,56,20,19,22,20,38,62,47
56,0,34,67,38,39,58,45,14,27
56,34,0,73,47,34,45,23,23,10
20,67,73,0,29,40,39,58,75,64
19,38,47,29,0,18,31,37,47,37
22,39,34,40,18,0,19,19,42,25
20,58,45,39,31,19,0,24,59,40
38,45,23,58,37,19,24,0,41,20
62,14,23,75,47,42,59,41,0,21
47,27,10,64,37,25,40,20,21,0
